839 486 250 497 609 633 224 425 742 385 
793 834 223 260 984 593 444 650 70 537 
903 254 204 9 95 872 8 140 536 399 
392 918 329 437 324 212 436 933 958 592 
400 690 753 181 51 553 112 722 899 589 
336 419 465 897 193 134 343 464 238 782 
29 260 332 685 218 655 423 405 452 997 
221 424 873 37 837 166 474 156 918 621 
946 672 85 660 402 65 523 696 921 156 
129 110 854 211 22 573 56 934 939 739 
119 212 832 661 333 29 43 444 299 149 
873 375 832 873 967 562 257 981 242 722 
861 891 632 995 63 269 748 65 51 364 
510 358 393 370 812 417 613 623 742 357 
566 543 392 658 458 137 935 907 397 264 
611 155 55 376 267 310 738 174 791 24 
271 811 411 685 515 719 389 193 196 74 
610 319 864 15 365 256 118 38 52 962 
942 530 827 50 318 887 134 684 715 69 
907 692 497 757 490 358 222 910 999 71 
961 940 430 637 807 173 620 337 760 651 
218 473 771 996 92 311 855 260 701 959 
119 294 528 159 108 928 434 499 67 791 
78 42 437 809 559 956 30 88 722 446 
987 405 909 731 583 874 756 959 257 632 
212 725 834 587 824 633 403 138 505 242 
834 875 212 685 282 363 192 605 666 964 
178 451 793 240 170 450 39 508 696 658 
776 436 813 850 29 416 640 965 807 507 
68 469 119 400 986 956 74 320 630 930 
925 467 969 659 297 186 158 148 883 443 
204 391 51 672 694 888 635 381 824 326 
192 183 64 13 18 214 190 662 310 693 
481 491 717 931 13 164 806 40 864 300 
821 416 574 585 644 900 148 937 397 282 
164 63 31 144 273 516 647 887 826 519 
820 797 194 862 301 353 972 238 12 697 
853 123 377 568 245 187 241 450 780 311 
762 112 659 578 449 402 46 304 407 923 
362 301 410 303 323 364 163 195 440 739 
740 551 530 586 100 233 189 854 182 11 
824 544 255 267 773 444 757 61 579 456 
992 488 948 217 222 858 993 64 78 582 
756 900 993 623 407 666 31 679 790 291 
201 778 564 974 428 339 917 825 862 998 
430 322 319 685 996 535 581 729 170 985 
578 41 668 72 639 170 37 297 763 838 
431 855 215 769 120 361 60 585 502 994 
119 647 473 474 864 278 67 165 200 690 
130 687 748 89 453 989 200 545 344 422 
