621 979 261 476 680 410 25 526 845 663 
748 513 725 58 998 253 726 113 374 516 
890 346 64 648 579 440 995 96 536 743 
529 429 104 571 977 143 181 520 720 912 
548 481 236 825 380 287 380 362 946 803 
2 637 72 24 165 360 938 921 293 57 
122 798 157 331 257 204 224 988 649 183 
22 630 408 579 788 117 268 289 615 253 
125 63 866 608 556 972 145 575 766 256 
346 853 4 840 763 779 904 795 908 543 
192 247 227 565 216 86 790 202 666 888 
414 180 944 359 23 705 229 704 376 634 
288 165 123 874 131 56 558 115 51 823 
770 295 745 429 44 984 627 635 469 110 
138 308 226 44 210 717 107 156 6 199 
963 195 384 724 846 317 683 771 224 267 
306 863 596 539 198 640 918 734 745 686 
100 884 273 768 174 66 856 463 854 994 
84 307 688 94 322 307 368 806 389 502 
389 277 460 727 543 989 264 991 498 576 
5 527 324 782 680 88 386 111 265 957 
572 206 159 600 541 221 293 323 382 768 
741 702 618 570 691 851 342 638 414 991 
644 855 823 216 886 340 257 348 929 423 
681 386 679 263 210 320 250 905 348 479 
893 582 515 751 746 416 838 911 561 492 
137 612 420 293 678 641 575 315 131 233 
75 833 737 973 634 645 506 374 748 263 
457 841 740 111 246 962 753 264 860 674 
610 244 216 226 363 468 769 454 286 471 
512 153 840 551 519 766 793 581 810 395 
173 328 246 712 401 498 23 314 621 85 
377 472 736 129 925 402 481 861 149 671 
17 263 571 185 644 164 440 850 294 783 
701 621 610 506 469 225 602 363 898 246 
804 291 926 407 495 334 824 639 724 276 
800 73 813 482 564 602 913 115 103 137 
380 444 722 284 874 792 62 608 495 546 
268 72 167 145 433 407 816 324 761 103 
984 163 556 6 346 811 239 814 542 222 
26 309 131 771 498 278 255 824 88 324 
487 164 497 356 579 759 690 965 197 46 
611 892 153 85 706 114 340 742 838 219 
576 153 329 140 734 450 886 167 457 560 
737 197 144 288 765 273 848 622 199 607 
715 931 473 561 334 455 399 340 886 246 
949 91 854 223 576 437 415 654 554 179 
183 400 380 820 815 528 479 722 254 342 
796 157 547 153 796 807 301 331 705 721 
380 251 859 161 362 861 930 308 776 565 
