855 704 276 488 660 512 771 538 747 411 
53 53 601 704 893 991 459 479 215 101 
452 375 733 312 832 639 504 966 716 282 
647 290 444 964 415 597 704 800 94 211 
257 62 501 883 709 503 746 780 226 120 
632 628 339 853 195 443 69 279 161 648 
555 545 665 379 711 116 487 136 244 387 
428 859 381 687 610 209 237 766 286 884 
976 510 880 927 420 564 324 943 934 735 
936 550 107 957 837 685 245 44 495 275 
751 307 856 6 986 593 422 412 500 209 
932 498 569 40 956 505 888 503 585 653 
402 668 968 286 38 501 126 557 119 655 
378 389 812 250 227 21 953 589 382 76 
719 617 133 393 83 130 999 607 722 55 
743 726 729 85 536 147 333 349 265 714 
950 670 265 796 862 560 958 577 646 30 
131 464 701 485 172 444 610 749 870 418 
79 261 863 361 387 431 113 899 885 532 
552 186 772 778 692 284 717 973 761 983 
176 563 710 105 162 173 626 627 724 359 
303 803 437 815 306 919 126 493 841 38 
704 1000 846 842 696 217 386 116 310 143 
913 63 872 62 888 941 875 960 371 701 
479 715 760 152 179 803 529 539 384 555 
317 9 383 829 306 387 990 252 273 758 
952 323 254 540 73 217 566 648 785 985 
114 58 416 322 364 9 279 701 226 467 
139 922 810 193 162 283 390 634 992 168 
681 354 65 478 658 445 870 214 111 109 
424 102 64 929 613 511 910 918 350 642 
452 522 323 187 987 976 660 748 383 703 
463 273 130 582 664 436 563 651 95 261 
289 417 704 498 53 324 839 305 382 359 
594 677 557 627 411 174 242 153 815 3 
340 554 709 635 811 998 402 415 971 602 
539 118 326 133 915 543 154 417 873 77 
703 27 856 720 663 279 563 786 371 790 
474 482 881 251 250 607 107 427 315 552 
914 111 530 303 116 764 667 733 531 163 
509 695 192 613 94 604 247 816 218 685 
835 361 338 272 715 433 621 833 335 635 
287 376 522 305 350 92 954 282 482 13 
647 355 491 517 895 958 122 552 293 677 
298 762 821 77 483 119 324 578 307 447 
947 596 55 71 427 145 295 787 122 874 
996 665 265 419 842 985 259 902 127 444 
877 84 205 255 652 359 573 629 486 0 
336 139 650 754 262 947 90 434 407 503 
516 455 693 883 446 296 65 769 399 758 
