0 258 792 493 946 734 921 754 394 719 
188 694 461 433 682 708 167 624 7 555 
257 717 135 209 18 798 63 726 725 959 
847 553 354 10 894 417 985 471 679 528 
18 216 893 38 507 307 666 61 245 825 
125 78 911 56 279 502 113 389 702 574 
441 575 283 249 830 263 185 171 13 11 
176 750 424 61 211 458 873 936 767 512 
484 710 871 269 293 74 0 293 32 823 
191 934 213 626 519 556 388 731 970 559 
595 176 137 902 77 40 760 140 768 670 
582 387 823 56 563 87 708 102 753 934 
902 582 268 517 94 342 517 35 55 784 
113 962 244 278 215 942 559 67 660 583 
355 886 438 485 373 564 822 68 677 965 
389 720 756 804 498 608 884 243 168 458 
972 655 987 331 488 715 260 766 92 505 
123 859 70 245 797 547 306 56 92 378 
469 834 492 681 479 17 478 329 659 605 
299 533 393 25 582 257 338 107 53 10 
961 311 666 406 838 904 578 518 698 277 
592 966 835 316 43 56 73 141 105 646 
922 257 400 709 956 703 398 371 550 635 
779 987 145 101 831 712 324 835 372 83 
742 96 627 412 539 364 690 761 917 15 
842 624 241 523 155 641 880 883 23 144 
894 703 79 271 158 674 730 160 680 240 
699 602 746 306 807 610 90 159 542 445 
239 340 975 640 613 276 920 660 560 686 
556 888 355 798 263 854 213 425 300 384 
804 874 6 172 602 84 508 22 218 437 
374 232 651 1000 297 174 840 887 506 627 
711 89 180 15 141 902 573 197 315 199 
249 182 76 512 679 97 379 5 198 751 
133 690 894 452 875 270 961 17 144 274 
598 24 164 522 385 517 526 489 915 234 
377 704 113 395 626 692 499 887 463 28 
383 672 588 167 737 111 752 553 621 593 
560 590 608 392 393 9 219 691 945 380 
657 104 430 565 726 706 857 236 238 259 
887 303 394 300 552 674 207 218 970 700 
290 104 68 329 877 153 988 26 503 734 
373 360 567 155 616 799 219 898 596 726 
809 403 267 836 330 192 948 770 69 988 
127 628 487 389 666 424 413 468 387 643 
411 358 5 238 613 939 930 813 290 332 
479 766 786 449 130 554 387 273 505 305 
225 311 409 500 84 595 303 152 626 232 
145 115 362 646 47 640 423 480 8 671 
935 943 93 512 472 264 855 513 527 781 
