396 468 84 458 785 703 88 116 951 64 
128 379 511 73 526 191 627 46 271 667 
593 873 39 711 343 666 593 529 46 68 
522 811 979 175 180 177 796 454 670 542 
218 652 495 270 97 540 143 863 931 365 
828 337 230 777 379 441 194 186 637 813 
36 900 282 34 800 739 601 446 528 807 
605 71 790 193 207 41 414 139 564 155 
608 391 980 262 829 29 337 351 622 302 
457 875 363 919 663 354 396 269 201 679 
716 15 521 483 189 295 154 411 378 188 
439 562 889 680 839 231 998 512 306 308 
478 373 366 702 248 226 185 189 956 439 
143 510 111 532 513 198 334 599 333 900 
252 255 361 427 127 759 886 989 636 243 
353 556 272 585 513 292 674 536 310 338 
529 485 962 850 492 737 887 757 324 310 
46 719 735 253 927 212 601 44 440 816 
399 439 752 924 904 691 151 600 378 283 
441 187 88 679 231 561 129 678 887 809 
858 196 705 91 137 348 141 284 975 926 
131 215 703 509 986 622 661 946 845 116 
919 307 512 28 995 854 165 784 847 600 
495 122 345 59 289 987 466 579 14 334 
836 683 693 172 249 530 271 240 755 963 
997 24 80 641 75 6 796 142 282 610 
489 677 635 109 531 531 153 123 550 710 
494 429 366 566 962 680 27 510 769 218 
785 125 111 312 936 249 215 851 632 242 
944 675 927 750 969 502 343 274 428 435 
236 908 267 18 464 452 821 955 786 389 
845 374 478 909 6 655 846 764 955 464 
303 883 82 301 521 856 833 676 99 782 
879 870 603 268 168 665 622 720 519 485 
296 36 602 644 745 293 868 743 929 12 
526 335 57 151 737 618 453 434 301 123 
774 581 580 121 75 84 828 784 254 577 
618 982 88 990 821 74 623 615 923 274 
592 223 103 802 473 376 784 177 661 648 
656 451 733 25 976 837 42 316 20 431 
165 531 47 898 508 980 753 566 539 718 
771 639 735 85 863 112 580 979 410 808 
840 534 382 645 729 239 289 471 179 117 
261 251 78 916 780 172 396 405 386 662 
107 802 851 31 811 220 654 100 533 677 
171 352 974 852 175 276 175 174 378 164 
451 44 6 532 845 570 424 755 350 125 
387 284 799 304 909 334 295 649 803 714 
877 490 933 603 806 295 937 561 401 347 
939 336 579 115 711 411 704 692 367 815 
